calibration_time: 2019-01-22__15:07:04
c: 2.995207284568304
L: 0.05
t1: 2.561259971472497
