calibration_time: 2019-01-25__15:37:35
dl: -0.03237983323323198
dr: 0.868886109508115
L: 0.05
