calibration_time: 2018-10-17-06-13-59
gain: 1.11472524909
trim: 0.0377114645438
baseline: -2.71750391807
radius: 0.0318
k: 27.0
limit: 1.0