calibration_time: 2019-01-22__15:11:08
c: 0.8450914789185436
t2: -0.20281030470094596
L: 0.06
t1: 0.04790170764395935
